# oST version 5.0 parameters


[image]

width
640

height
480

[narrow_stereo]

camera matrix
663.072024 0.000000 260.474389
0.000000 661.239196 217.702002
0.000000 0.000000 1.000000

distortion
-0.144933 0.221739 -0.017629 -0.010751 0.000000

rectification
1.000000 0.000000 0.000000
0.000000 1.000000 0.000000
0.000000 0.000000 1.000000

projection
651.469604 0.000000 254.809287 0.000000
0.000000 648.625061 211.173278 0.000000
0.000000 0.000000 1.000000 0.000000
